

triangle 160 20 140 160 20 0 20 20 140
triangle 20 20 0 160 20 0 20 20 140

triangle 120 100 140 120 100 0 20 100 140
triangle 20 100 0 120 100 0 20 100 140

triangle 20 20 0 20 100 0 120 20 0
triangle 120 100 0 20 100 0 120 20 0

triangle 20 20 140 20 100 140 120 20 140
triangle 120 100 140 20 100 140 120 20 140

triangle 20 100 0 70 150 0 120 100 0
triangle 20 100 140 70 150 140 120 100 140

triangle 20 100 0 20 100 140 70 150 0
triangle 20 100 0 70 150 140 70 150 0

triangle 120 100 0 120 100 140 70 150 0
triangle 120 100 0 70 150 140 70 150 0

triangle 40 120 65 40 120 75 50 130 65
triangle 50 130 75 40 120 75 40 130 65

triangle 40 120 65 40 120 75 40 140 75
triangle 40 120 65 40 140 75 40 140 65

triangle 50 130 65 50 130 75 50 140 75
triangle 50 130 65 50 140 75 50 140 65

triangle 160 20 0 160 25 0 160 20 140
triangle 160 25 140 160 25 0 160 20 140

triangle 150 25 0 150 30 0 150 25 140
triangle 150 30 140 150 30 0 150 25 140

triangle 160 25 0 150 25 0 150 25 140
triangle 160 25 0 150 25 140 160 25 140

triangle 150 30 0 140 30 0 140 30 140
triangle 150 30 0 140 30 140 150 30 140

triangle 120 20 0 120 40 0 160 20 0
triangle 120 20 140 120 40 140 160 20 140

triangle 120 40 0 140 30 0 140 70 0
triangle 120 40 0 120 80 0 140 70 0

triangle 120 40 140 140 30 140 140 70 140
triangle 120 40 140 120 80 140 140 70 140

triangle 140 70 0 120 80 0 140 70 140
triangle 120 80 140 120 80 0 140 70 140

triangle 60 20 0 80 20 0 80 70 0
triangle 60 20 0 60 70 0 80 70 0

triangle 40 50 140 50 50 140 40 70 140
triangle 50 70 140 50 50 140 40 70 140

triangle 40 70 140 50 70 140 40 80 140
triangle 50 80 140 50 70 140 40 80 140


triangle 50 50 140 60 50 140 50 70 140
triangle 60 70 140 60 50 140 50 70 140

triangle 50 70 140 60 70 140 50 80 140
triangle 60 80 140 60 70 140 50 80 140

triangle 80 50 140 90 50 140 80 70 140
triangle 90 70 140 90 50 140 80 70 140

triangle 80 70 140 90 70 140 80 80 140
triangle 90 80 140 90 70 140 80 80 140

triangle 90 50 140 100 50 140 90 70 140
triangle 100 70 140 100 50 140 90 70 140

triangle 90 70 140 100 70 140 90 80 140
triangle 100 80 140 100 70 140 90 80 140

triangle 40 140 65 40 140 75 50 140 65
triangle 40 140 75 50 140 75 50 140 65

lookat 200 300 400 100 100 100  0 1 0

screen 87 200 400
				 